60 106
73
34 6 14 45
13 3 47 3
13 5 32 83
10 12 17 64
10 12 50 64
6 7 0 40
6 15 37 91
25 7 19 30
25 15 3 14
21 12 25 52
16 7 16 81
16 5 38 18
21 3 39 15
21 5 16 101
5 7 3 33
5 5 5 86
4 1 38 14
4 10 9 47
6 13 16 88
12 13 33 70
12 9 48 54
23 6 27 64
7 3 12 30
7 5 16 76
2 1 1 18
2 10 0 30
6 6 38 23
6 5 19 51
14 7 46 76
14 6 27 39
16 3 11 39
16 5 44 6
14 6 2 74
14 5 45 101
14 13 22 88
3 2 44 12
3 7 0 19
11 2 20 37
11 7 49 42
6 7 27 73
6 6 54 18
33 14 0 0
12 4 4 80
12 3 48 11
16 18 44 24
12 3 14 42
12 18 48 83
4 4 4 29
4 3 55 0
3 1 0 14
3 2 0 28
6 9 13 55
6 9 10 88
6 1 27 51
6 2 38 12
5 7 28 14
5 18 33 12
3 9 8 29
3 9 9 97
9 18 0 47
6 5 6 42
6 2 0 72
2 12 33 0
2 9 3 97
8 3 44 0
8 9 35 3
10 9 6 65
3 5 41 40
3 2 0 26
3 18 0 83
3 7 22 56
2 3 6 103
2 9 31 21
