60 120
73
6 34 54 26
3 13 23 51
5 13 19 21
10 12 26 52
10 12 0 52
7 6 42 58
6 15 0 76
25 7 11 44
25 15 29 64
21 12 5 108
16 7 27 37
5 16 55 71
21 3 5 105
5 21 17 84
5 7 47 23
5 5 25 21
1 4 19 0
4 10 42 44
6 13 38 86
13 12 41 108
12 9 30 12
23 6 22 99
3 7 10 98
5 7 36 105
1 2 24 24
10 2 0 33
6 6 22 0
5 6 46 0
7 14 47 30
6 14 23 65
3 16 45 79
5 16 22 83
6 14 10 51
5 14 37 49
14 13 31 24
2 3 35 9
7 3 28 8
11 2 28 6
7 11 18 10
6 7 4 97
6 6 54 65
14 33 0 0
4 12 14 0
3 12 16 52
18 16 42 7
3 12 0 64
12 18 11 65
4 4 20 6
4 3 10 33
3 1 25 6
2 3 18 6
9 6 51 0
9 6 28 0
1 6 18 0
2 6 26 9
5 7 39 0
5 18 6 68
3 9 25 26
3 9 0 107
9 18 27 81
6 5 11 83
2 6 20 0
2 12 0 36
2 9 19 35
8 3 0 49
9 8 2 41
10 9 7 88
3 5 15 16
2 3 15 13
3 18 16 26
7 3 3 38
3 2 24 7
2 9 14 22
